-0.88254,2.1659,1.2537,3.8289,0.37542,-5.4401,-0.51681,0.88886,4.0079,0.79437,0.56086,-0.23327,-0.57676,0.81691,5.249e-05,0.19059,0.1345,0.97241
0.63053,1.6022,1.6169,2.3632,-1.0463,-1.7015,-0.66454,0.05001,3.9528,-0.20176,-0.96459,-0.16989,0.41765,-0.24162,0.87589,-0.88593,0.10577,0.4516
0.85788,2.5143,2.4753,0.85839,-0.53443,-5.4392,-2.0692,-1.9741,0.96334,0.44964,-0.88847,0.091861,0.034581,0.12008,0.99216,-0.89254,-0.44294,0.084718
0.68397,2.8924,-0.15305,-3.9482,-0.81534,5.4264,-0.71657,-0.10199,3.2282,0.51233,-0.67524,0.53063,0.70988,0.68071,0.18082,-0.4833,0.28404,0.82809
2.2492,2.5581,-1.1064,2.1362,1.8798,2.7333,0.069533,0.82531,1.1599,-0.49078,0.64548,-0.58524,0.17355,0.73065,0.66032,0.85383,0.22251,-0.47061
1.4887,3.0339,1.5965,2.4997,-0.62584,3.4407,-0.50767,-3.1267,0.56314,-0.18649,0.50971,-0.83989,0.88864,-0.27706,-0.36545,-0.41897,-0.81451,-0.40128
1.8025,1.4045,2.4815,-1.3732,1.625,-3.4406,-0.50069,-0.9099,2.9554,0.20587,-0.84165,0.49925,-0.30978,0.42789,0.84909,-0.92825,-0.32946,-0.17263
-1.4672,1.1257,0.51406,-0.38449,0.18442,3.4301,0.37301,-3.1132,2.4133,-0.064102,-0.2509,-0.96589,0.98359,0.1477,-0.10364,0.16866,-0.95668,0.23731
-1.6584,2.7664,2.8389,0.65223,0.10115,2.433,0.14145,2.1088,-0.70372,0.013584,0.82535,0.56446,0.99984,-0.0044719,-0.017523,-0.011938,0.56461,-0.82527
-2.2449,2.0377,-0.070217,1.3911,-2.113,4.5476,-0.05544,-1.0296,2.4806,0.39127,0.34078,0.85486,-0.055263,-0.91854,0.39145,0.91862,-0.2004,-0.34056
-0.6862,2.0455,0.0098581,-2.3076,-0.30877,4.8489,1.1231,-1.1266,3.2814,-0.036741,-0.70617,-0.70709,0.89919,0.28536,-0.33171,0.43602,-0.64799,0.62449
-2.1114,3.0022,1.7417,-3.8879,1.0205,-3.0371,1.1492,2.7143,1.1407,0.66584,0.5719,-0.47915,-0.71382,0.30149,-0.63211,-0.21704,0.76291,0.60898
0.50541,1.3177,0.87713,2.9169,0.29931,-1.1197,2.1986,1.1632,3.3432,0.48353,-0.84124,-0.24189,0.17686,0.36454,-0.91424,0.85727,0.39928,0.32505
1.6633,3.0023,2.3192,4.9241,1.4783,0.57331,-0.49469,-2.1629,-0.2771,-0.054228,0.99807,0.030314,0.2226,0.041678,-0.97402,-0.9734,-0.046072,-0.22443
-1.7316,1.2234,2.8601,0.29991,-1.5666,-0.97424,0.24781,0.21556,3.3097,0.87546,0.4652,0.13101,-0.43898,0.65201,0.6182,0.20217,-0.59872,0.77503
0.90886,2.9845,-1.0315,4.1651,1.1457,-6.2794,0.090097,1.0157,1.5564,-0.75038,-0.3869,-0.53594,-0.60344,0.070048,0.79432,-0.26978,0.91946,-0.28603
-0.13546,0.79898,-0.37217,2.6043,0.88077,-4.4512,1.758,-0.52289,-0.27666,-0.11349,0.93801,-0.3275,0.91388,-0.030767,-0.40482,-0.3898,-0.34524,-0.85374
2.4389,1.2562,-0.10701,4.7625,-1.4526,5.3024,-1.3092,2.033,1.4614,-0.19575,0.025391,-0.98033,-0.79481,0.58145,0.17376,0.57442,0.81319,-0.093635
0.54526,1.4689,0.59162,4.7807,-0.85599,-0.058756,2.1504,0.67775,3.1658,0.2338,0.91004,0.34229,-0.35272,-0.24868,0.90208,0.90605,-0.33164,0.26284
-0.29047,1.7139,0.90588,4.0693,1.7486,-2.074,1.1751,0.23334,3.2089,0.72055,-0.69244,0.036472,-0.28677,-0.34548,-0.89354,0.63132,0.63338,-0.44751
1.5648,2.018,1.7469,5.1522,1.199,6.2509,-0.6097,-1.7018,3.1555,-0.33966,0.44381,-0.82925,0.4106,-0.72325,-0.55526,-0.84619,-0.52909,0.063435
2.9135,0.96932,0.34168,-2.1516,0.027623,2.509,-3.2367,0.73453,1.4265,-0.1763,0.39979,0.89949,0.284,0.8956,-0.3424,-0.94248,0.19509,-0.27143
-2.2977,1.4279,-0.30649,-2.1522,-0.9055,-2.1428,-2.0456,-1.5965,1.6214,-0.14893,0.9476,-0.28261,-0.081146,-0.29655,-0.95156,-0.98551,-0.11878,0.12106
0.60494,0.61566,0.369,4.7002,1.6364,-2.7823,1.8656,2.1525,0.82348,0.44736,0.37867,-0.81023,-0.64657,-0.48899,-0.58553,-0.61792,0.78581,0.02608
-1.3763,2.9962,2.844,3.9895,-1.3571,-6.0541,-0.72346,0.9763,-0.89237,0.22636,0.42941,-0.87428,0.74814,-0.65142,-0.12625,-0.62374,-0.62551,-0.46871
-0.63031,0.66751,1.4173,-2.212,-0.28591,-5.2974,2.449,-1.9857,2.9694,0.51425,0.76769,0.38235,-0.7143,0.13663,0.68637,0.47468,-0.62608,0.61863
0.88948,1.164,0.45209,-3.3398,2.216,3.7493,1.3505,1.4879,1.6517,0.93363,0.1082,-0.34151,0.27141,-0.83586,0.47715,-0.23383,-0.53817,-0.80975
0.4463,1.381,2.8725,-0.15869,1.8343,4.5381,-1.0292,-0.37221,1.8732,-0.51383,0.84012,0.17369,0.82476,0.53948,-0.1695,-0.2361,0.056159,-0.9701
0.67576,1.5397,3.0332,1.7857,0.35477,5.527,-1.33,-1.3756,2.2276,0.64673,-0.52328,-0.5549,0.57228,-0.14805,0.80659,-0.50423,-0.8392,0.20372
1.8219,0.62952,2.9844,1.8406,1.2268,4.3316,0.50037,0.64635,3.1555,0.36753,-0.92339,-0.11076,0.35025,0.24776,-0.9033,0.86154,0.2932,0.41447
0.5858,2.5917,-0.096188,1.3529,1.1954,5.2076,0.41591,-0.49925,3.1352,-0.82952,-0.52628,0.1869,0.082554,-0.44653,-0.89095,0.55234,-0.72363,0.41385
0.85901,1.0045,0.40832,-1.0417,0.26955,1.1198,2.0336,2.6077,1.7936,0.096074,-0.028744,0.99496,0.88192,-0.46099,-0.098477,0.4615,0.88694,-0.018939
1.3832,1.9321,1.0658,0.24837,0.90782,-3.8316,0.027691,-0.593,4.093,0.62153,0.59176,0.51335,-0.78062,0.4128,0.46928,0.065792,-0.6924,0.7185
-2.093,1.0129,0.02107,-1.642,-0.065468,1.8083,-1.5763,-2.6463,0.86334,-0.38798,-0.34335,0.85533,-0.78347,0.61164,-0.10986,-0.48543,-0.71275,-0.50631
-1.5707,0.76936,0.053122,4.1998,-0.10513,5.48,-0.06471,-3.0858,0.27911,0.24888,0.60374,-0.75733,0.96422,-0.22821,0.13493,-0.091367,-0.76381,-0.63894
-1.8929,2.8601,1.2371,-3.0084,1.0897,-2.3763,0.78645,2.0924,2.5915,-0.48444,0.85735,0.17395,-0.87196,-0.4893,-0.016726,0.070774,-0.15978,0.98461
-2.0898,2.4563,-0.44199,-2.3612,1.1173,-2.0807,-0.18384,-1.2286,2.1775,-0.96411,-0.13403,-0.22918,0.15305,0.42478,-0.89227,0.21694,-0.89532,-0.38902
-1.6357,1.7372,2.3437,-4.6867,-1.3497,0.81579,0.78496,1.384,2.8987,-0.12427,0.1159,0.98546,0.11369,-0.98495,0.13018,0.98571,0.12822,0.10922
2.4216,2.4369,-0.15048,-1.684,-1.9036,2.2181,0.29716,0.62764,2.7098,0.51492,-0.83175,0.20749,-0.008049,-0.24673,-0.96905,0.8572,0.49731,-0.13374
1.8819,1.6302,-0.18542,0.78686,0.93327,3.5793,-0.32473,2.3322,2.4031,-0.86626,0.4693,-0.17129,-0.36681,-0.3647,0.85583,0.33917,0.80421,0.48807
-1.1777,2.0306,-0.027974,-3.0603,-0.24028,4.4409,0.62744,-1.5491,3.2175,-0.95778,-0.2522,0.13804,0.056011,-0.63459,-0.77081,0.282,-0.73054,0.62193
2.8702,2.073,2.3782,-1.2076,-0.68869,-4.8594,2.4016,-0.22979,2.4169,0.39257,0.14578,-0.90809,-0.41319,0.91006,-0.032533,0.82168,0.38799,0.4175
-2.3096,2.2296,2.2833,5.1368,0.21426,-3.2859,1.9587,1.9459,1.9884,-0.59202,0.74659,0.30351,0.098683,-0.30661,0.94671,0.79986,0.59042,0.10784
-2.4645,0.47609,2.0439,0.21,1.9473,3.6195,-1.29,-0.8601,2.9418,0.12751,-0.38735,0.91307,0.77278,-0.53827,-0.33627,0.62173,0.74848,0.2307
-1.1576,1.4949,2.6311,-5.1822,-0.51353,-2.3259,-0.29629,1.4517,3.2455,0.81778,0.28137,-0.50207,-0.55305,0.62562,-0.55021,0.15929,0.72762,0.66723
-0.37112,1.7619,2.8053,1.1715,1.1853,-0.37024,-1.9251,0.097694,1.8545,0.66708,-0.45519,-0.58974,0.24096,-0.61723,0.74898,-0.70494,-0.64174,-0.30206
-1.3464,2.1216,2.6129,4.3504,-2.0233,5.9366,-0.94395,1.4481,1.4159,-0.68117,0.71591,0.15326,0.12597,0.32082,-0.93873,-0.72121,-0.62012,-0.30871
0.5308,1.3007,0.33478,-3.0173,1.6858,-1.6056,1.8544,1.19,1.6113,0.53863,-0.83317,-0.12531,-0.83584,-0.54712,0.045038,-0.10609,0.080484,-0.99109
-1.3181,2.6673,0.90227,4.164,0.99122,2.2659,0.10639,1.6191,3.2135,-0.1484,0.97902,0.13966,-0.66306,-0.20328,0.72043,0.7337,0.014306,0.67932
1.8339,1.3261,0.16316,2.8989,0.50792,-3.4953,-0.65463,2.7499,1.7063,-0.64825,0.3564,0.67287,0.75434,0.42088,0.50382,-0.10363,0.83417,-0.54168
0.80116,0.52924,-0.43729,2.3077,-1.9829,4.2236,1.1706,1.9015,0.18268,0.8641,-0.161,0.47687,0.49587,0.43463,-0.7518,-0.086224,0.8861,0.4554
-0.7685,1.6887,-0.85469,-3.6099,1.4226,-4.9799,0.59845,-1.0202,0.59387,0.21959,0.96021,-0.17258,0.72025,-0.27887,-0.63519,-0.65804,0.015182,-0.75283
1.2898,2.3063,-0.12816,0.39918,1.4257,-4.5047,0.36513,0.27888,3.3932,0.96608,0.13782,-0.21841,-0.0070033,0.85937,0.5113,0.25816,-0.49243,0.83119
-0.8671,0.46315,1.5561,-2.5362,-0.70428,-1.5481,1.8304,-2.5618,2.7988,-0.44712,-0.72844,-0.5191,0.89437,-0.35498,-0.27221,0.014019,-0.58597,0.81021
-1.9049,2.9439,0.43635,-0.31114,-0.93773,-1.3461,0.18666,1.0731,3.0693,0.87367,-0.43624,0.2154,0.22405,0.75375,0.61778,-0.43186,-0.49148,0.75627
-2.6997,0.94433,2.4242,0.11514,-0.66842,-3.018,-0.71803,-0.39573,3.9659,-0.70337,-0.56724,-0.42837,0.61745,-0.78614,0.027165,-0.35217,-0.24539,0.90319
0.063432,2.1243,2.6679,-0.88812,0.61599,-5.3661,-2.4975,0.1608,1.2379,0.43081,-0.088536,-0.89809,-0.39506,-0.91326,-0.099477,-0.81138,0.39765,-0.42842
-1.8618,0.96996,2.3338,0.050632,-0.37215,-0.41246,-0.19893,-0.70974,4.0706,0.60468,0.774,0.18784,-0.79536,0.59925,0.091113,-0.042043,-0.2045,0.97796
0.76512,0.89889,1.8248,-3.1639,-1.7003,-3.0924,0.63732,0.63382,3.5206,-0.16962,-0.23504,-0.95707,0.6869,-0.72457,0.056205,-0.70668,-0.64788,0.28435
1.7798,1.4489,2.5246,-0.12676,-2.2129,3.8162,0.099691,-0.123,3.1059,-0.70606,0.057751,-0.70579,-0.70049,-0.20315,0.68414,-0.10387,0.97744,0.18389
-1.2252,2.956,1.1457,-0.99701,-0.59517,3.4352,-1.2351,2.4417,2.2804,-0.19878,-0.94921,0.24388,0.76408,0.0057343,0.6451,-0.61373,0.31458,0.72413
-2.0899,0.51562,2.1437,0.4022,1.3311,-4.7629,-0.9839,-1.1769,3.3591,-0.95772,0.18578,-0.21967,-0.28758,-0.59665,0.74921,0.0081203,0.7807,0.62485
1.2822,2.9507,1.3222,-0.50822,0.4877,-2.2716,-1.0536,-2.9787,1.5234,-0.34689,0.20376,0.91551,-0.79618,0.45197,-0.40227,-0.49575,-0.86845,0.0054456
-1.9448,0.4384,2.9266,3.0031,1.9425,-5.1083,-0.68006,-1.4822,2.7255,0.84359,-0.40477,-0.35288,0.24486,-0.2949,0.92362,-0.47792,-0.86556,-0.14966
2.0097,2.6527,2.1534,-2.0675,1.9401,-6.0846,0.38618,-2.1948,1.3716,-0.20387,0.9452,-0.25503,-0.43465,-0.3208,-0.84153,-0.87722,-0.060719,0.47623
-2.0425,0.75883,2.1671,1.7731,0.4052,-5.9527,-0.96678,-1.2908,3.8855,-0.88286,-0.0001423,-0.46965,0.032367,-0.99764,-0.060542,-0.46853,-0.068651,0.88078
-1.4125,0.59863,0.033501,-3.4887,-2.1664,-2.5795,0.62189,-2.6254,0.98363,-0.75333,0.51541,0.40847,-0.57181,-0.82015,-0.019714,0.32484,-0.24842,0.91256
2.6157,1.8003,0.70237,-2.1114,0.10299,-4.2473,-1.1299,0.58331,3.9694,0.6288,-0.45445,0.63094,0.50175,0.85703,0.11724,-0.59401,0.24285,0.76692
-0.19174,2.4352,2.7322,-3.3952,-0.19998,-5.3762,-2.5085,0.52308,0.30216,-0.32893,0.68623,0.64876,0.54424,0.69918,-0.46363,-0.77176,0.20058,-0.60346
0.76383,2.4409,0.20717,-1.2997,-0.77926,5.9959,0.53335,-0.15589,3.4846,-0.21918,0.80537,0.55076,-0.51058,-0.5757,0.63865,0.83142,-0.14123,0.53739
-2.822,0.54363,0.71828,-3.9921,-1.8497,-5.2042,-2.6334,-1.4128,1.6376,-0.030711,-0.72552,-0.68751,0.95561,0.18034,-0.233,0.29303,-0.66415,0.68778
2.4195,1.7073,0.8706,-1.4368,0.10644,3.7268,-0.94776,0.73507,4.1041,0.041257,0.96004,-0.27681,-0.88733,-0.092149,-0.45184,-0.45929,0.26426,0.84807
-1.4623,0.76523,1.9863,3.9611,1.8569,-0.14707,0.71416,-1.9523,2.8529,-0.34966,0.40253,-0.84599,0.56021,0.81361,0.15558,0.75093,-0.41953,-0.50999
1.1129,3.0292,-1.156,0.80282,1.6703,-3.3211,0.58695,0.039547,2.037,0.59547,0.76862,0.23376,-0.62147,0.25631,0.74032,0.50911,-0.58612,0.6303
-1.7977,0.99847,-0.91351,1.0412,0.065326,-1.0588,-0.36106,-1.3855,-0.41883,-0.20533,-0.97172,0.11666,-0.97531,0.21307,0.058124,-0.081335,-0.10184,-0.99147
-0.38186,3.053,1.8224,-2.3633,-1.1803,-5.7737,-2.6637,0.57216,-0.068442,-0.50689,0.82925,-0.23538,0.70828,0.24502,-0.66205,-0.49133,-0.5023,-0.71154
-1.6185,2.5599,0.25579,3.5135,-0.87149,-4.6699,-0.16117,0.77129,3.652,0.93785,0.33417,0.093607,-0.23494,0.80992,-0.53743,-0.25541,0.48204,0.8381
0.39886,2.2129,3.0964,-2.6132,-0.46857,-4.7478,-1.7986,-0.93373,0.15833,-0.10667,0.9089,-0.40313,0.91483,-0.069107,-0.39789,-0.3895,-0.41124,-0.82412
1.9736,2.7218,-0.92413,-2.8948,-1.7395,0.30771,0.0052306,0.42462,2.4903,-0.5729,0.69492,0.4346,-0.73137,-0.67278,0.11166,0.36999,-0.25388,0.89367
-1.5268,3.0236,2.29,-4.2141,-1.2599,-4.8892,0.49959,2.1717,-0.52501,0.39455,0.65975,0.63958,0.38202,-0.75082,0.53883,0.8357,0.031734,-0.54827
2.5821,1.4873,1.5571,-1.1309,-1.8845,2.2479,-0.2242,0.86251,3.4136,0.79664,-0.31364,-0.51672,-0.58791,-0.20341,-0.78293,0.14045,0.9275,-0.34643
-2.3177,0.77079,2.9249,-2.3904,2.2262,-4.3892,-0.26703,-0.85485,2.769,0.98766,-0.14776,-0.051931,0.018553,-0.21886,0.97558,-0.15552,-0.9645,-0.21342
2.54,2.8353,-0.15722,-2.0605,0.39054,-0.26077,-0.16863,-0.17402,3.2111,-0.7197,-0.3152,-0.61861,0.20601,-0.94783,0.24327,-0.66302,0.047645,0.74709
0.21959,0.46495,-0.43148,-1.537,0.60125,2.996,1.6209,0.7737,-0.81663,0.31148,-0.77101,-0.55545,-0.94708,-0.29961,-0.11522,-0.077583,0.56194,-0.82353
-2.6898,3.0513,0.028924,-3.8766,-1.3653,0.37574,1.6103,0.26249,2.6737,-0.33439,-0.32335,0.88523,-0.1673,-0.90402,-0.39341,0.92747,-0.27965,0.2482
-2.966,1.672,2.3545,3.2781,-1.4935,2.6883,1.6134,0.38429,2.3985,-0.52877,-0.52486,-0.66703,-0.54448,0.81262,-0.2078,0.65111,0.25331,-0.71547
1.4212,0.58106,-0.11954,2.9256,-0.23022,-4.333,0.37227,2.7031,-0.40358,-0.95876,0.24511,0.14385,0.28046,0.73403,0.6185,0.04601,0.63334,-0.7725
-2.2254,0.84623,1.3141,-0.3395,-0.44097,-0.059793,-1.952,-2.3776,2.9097,0.34897,-0.13161,0.92785,-0.61556,0.71435,0.33284,-0.70661,-0.6873,0.16827
0.17936,1.4923,2.2085,-2.9961,-1.7776,2.1526,-1.0647,-0.29561,2.8108,0.12243,0.87895,-0.46094,0.72745,-0.39541,-0.56078,-0.67515,-0.26665,-0.6878
-2.0006,1.8597,1.4081,5.1505,-1.4928,-4.7959,-0.52027,0.40573,3.6544,-0.00034342,0.99951,-0.031415,-0.13053,-0.031191,-0.99095,-0.99144,0.0037604,0.13048
0.72539,2.9277,3.1158,-3.2731,0.50423,-2.729,-1.1621,-1.0907,-1.0668,0.73152,0.25795,-0.63114,0.50183,-0.83035,0.24227,-0.46157,-0.49395,-0.73686
-2.8312,2.6691,0.50955,-1.3113,-0.021935,-1.3572,1.0438,0.3506,3.6571,-0.70775,-0.70546,0.037639,0.70607,-0.70812,0.0045339,0.023455,0.029785,0.99928
-0.79842,1.2475,0.039438,1.8431,-1.0422,2.3319,2.3091,-1.5225,1.7979,-0.13757,0.9003,-0.41295,-0.15086,0.39301,0.90708,0.97894,0.18708,0.08175
-0.079915,2.6359,0.079743,-2.6375,-0.8984,3.6938,-0.60423,-0.2212,3.5375,-0.52288,-0.67588,-0.5194,0.75511,-0.64998,0.085638,-0.39548,-0.34742,0.85023
-1.4299,2.0763,1.2383,4.5399,-2.2444,5.029,-0.65287,0.70398,2.9808,-0.23194,-0.88885,0.39516,-0.59974,0.45051,0.66133,-0.76584,-0.083606,-0.63757
2.0636,1.1525,-0.74615,2.3026,-2.2643,-2.8847,-1.2143,1.4014,1.1278,0.79126,-0.14247,0.59465,0.066587,0.98677,0.14781,-0.60784,-0.07736,0.79028
-2.8659,1.7776,-0.097261,-1.8818,0.086077,-4.4046,-2.221,-0.68877,2.4645,0.081394,0.018614,0.99651,-0.34943,0.9369,0.011041,-0.93342,-0.34911,0.082762
-1.0612,2.4676,0.21244,-0.14273,-1.17,3.1058,0.18884,-0.52888,3.0536,-0.11288,0.015673,-0.99348,0.92276,0.37246,-0.098968,0.36848,-0.92792,-0.056506
0.9058,2.0899,0.12986,-0.14496,-1.8646,-3.4304,0.7412,0.7859,2.3521,-0.3786,-0.87459,-0.30291,-0.86861,0.44877,-0.21006,0.31965,0.18358,-0.92958
-0.87875,0.83856,-0.14357,-1.5336,0.60094,3.5047,2.0554,-1.8504,0.19593,-0.55508,-0.51699,-0.65162,-0.28238,0.85399,-0.437,0.7824,-0.058571,-0.62002
2.7466,1.2384,-0.66557,2.7216,1.4218,1.7214,-1.0771,0.75973,0.32329,-0.12816,-0.93449,-0.33214,-0.61082,0.33821,-0.7159,0.78133,0.11113,-0.61414
-1.7505,2.99,-1.0687,-3.8888,-2.2608,5.0624,0.38129,0.013649,1.9304,-0.5275,0.122,0.84075,0.53833,-0.71759,0.44189,0.65723,0.68569,0.31286
2.064,1.504,1.482,-0.25828,1.3064,2.1969,-0.072961,-0.23457,3.9479,0.71054,0.41543,0.56794,-0.67459,0.17258,0.71773,0.20015,-0.8931,0.40287
2.3334,1.8689,2.0058,-0.88179,-0.47568,-3.8291,1.2453,-0.93946,3.6613,0.53876,0.78782,-0.29848,-0.66509,0.6152,0.4233,0.5171,-0.029538,0.85541
2.0791,3.0182,-0.722,-0.04466,0.89546,1.8402,-0.057369,0.052055,2.8535,0.73226,0.6795,0.045644,-0.681,0.7312,0.039793,-0.0063353,-0.060222,0.99816
1.8491,0.95527,1.6797,-2.2107,-1.8944,-1.1308,0.19163,1.2978,3.3122,0.41514,0.90887,0.040186,-0.013645,-0.037947,0.99919,0.90966,-0.41535,-0.0033519
2.5785,2.5066,-0.92267,3.9766,-0.86886,-3.1089,-0.91277,1.0523,2.1306,0.91693,0.012841,0.39883,0.32024,0.57264,-0.75467,-0.23808,0.8197,0.52096
0.47212,2.7192,2.4674,-4.8359,-1.0978,-4.3607,-2.5094,-0.57595,0.32114,-0.16194,-0.037675,0.98608,0.56751,0.81393,0.12429,-0.80729,0.57973,-0.11042
2.3937,1.9807,-0.52241,4.6964,-1.3903,-3.0375,-0.65543,1.5621,1.9707,0.84362,-0.53686,0.0094744,0.0055771,-0.0088832,-0.99994,0.53691,0.84363,-0.0044999
2.5877,2.9077,2.0953,-2.4831,1.4877,-1.3675,1.9923,-1.742,0.94883,0.3874,0.65915,0.64455,-0.91988,0.32271,0.22287,-0.061097,-0.67925,0.73136
1.9662,1.9749,-0.11861,-5.0321,-0.78912,-0.59208,-1.1408,1.4893,2.5862,0.20997,0.48221,0.85052,0.3667,0.76757,-0.52571,-0.90633,0.42227,-0.015658
0.30769,0.67656,0.25521,1.3988,-2.1378,4.9224,2.0585,1.2743,0.93756,0.58721,0.478,0.65322,0.31732,0.60647,-0.72904,-0.74464,0.63539,0.20444
-0.13005,2.4903,2.5876,-0.44419,-1.2605,0.81734,-2.5515,0.040218,1.2933,-0.4991,-0.50834,-0.70178,0.58353,-0.79587,0.1615,-0.64062,-0.32891,0.69385
-0.84366,1.5464,2.0878,2.2019,1.5448,5.0404,-0.57319,-0.21925,3.5829,-0.76591,0.010323,-0.64287,0.58548,-0.40199,-0.704,-0.26569,-0.91559,0.30184
-1.9437,1.7233,-0.95373,-4.9329,1.526,-1.6527,-1.1961,-1.1547,1.1258,-0.068564,-0.78361,0.61745,0.20507,0.59462,0.77741,-0.97634,0.17992,0.11993
2.4388,0.91091,2.3411,5.126,0.80404,-5.4223,-0.66277,-0.053147,3.8197,0.55444,-0.61279,-0.56311,0.8189,0.2811,0.50039,-0.14834,-0.73856,0.65767
-0.90047,2.3443,1.3358,1.0587,-0.73481,-1.3046,-0.68871,1.5377,3.533,-0.3186,0.88897,-0.32897,-0.86085,-0.12609,0.49299,0.39677,0.44027,0.80544
-2.1035,2.7361,0.13044,3.9344,-2.2125,-4.0195,0.21743,1.1679,2.5708,0.90711,-0.060893,-0.41647,-0.39892,-0.43994,-0.80456,-0.13423,0.89596,-0.42336
1.1345,1.3053,-0.70245,-4.4286,0.8586,0.86171,1.2556,1.47,0.34847,-0.23555,-0.96899,-0.074653,-0.62839,0.21045,-0.74889,0.74138,-0.12949,-0.65847
-2.7695,1.1761,1.8843,-0.058914,-0.96794,2.9594,-1.2773,-0.46152,3.9195,-0.52341,0.025127,-0.85171,0.21706,-0.96266,-0.16179,-0.82397,-0.26955,0.49841
-1.9306,1.6478,0.090052,-4.0706,0.52767,-2.7082,-1.1136,-2.1454,2.409,0.2411,-0.42902,0.87052,-0.67724,0.5681,0.46755,-0.69514,-0.70228,-0.15359
-0.7327,1.168,0.30207,-2.2236,0.62762,1.289,2.4323,-1.7423,1.6862,0.43591,0.63317,0.63959,0.16884,-0.75558,0.63292,0.88401,-0.16791,-0.43627
1.611,2.2777,-0.20375,-4.4591,2.0889,-3.2122,0.57535,0.57702,2.391,0.42595,0.86962,0.24967,0.2999,-0.39606,0.86787,0.8536,-0.29479,-0.4295
-0.72333,2.8987,1.826,-5.1699,1.9418,3.3154,-2.0809,1.0442,0.57869,-0.84659,0.42212,-0.32419,0.45392,0.25458,-0.8539,-0.27792,-0.87006,-0.40713
-0.20678,2.5728,1.8654,-2.0812,-1.0914,3.2825,-2.7994,0.024748,1.5001,0.70509,-0.6252,-0.33462,0.032183,-0.44319,0.89585,-0.70839,-0.64242,-0.29236
-2.9612,2.6731,1.3592,-1.641,-0.34283,-2.1261,2.6304,0.7222,2.6122,-0.73801,0.4294,0.52054,-0.004962,-0.77484,0.63214,0.67477,0.46394,0.57397
-2.8605,2.7261,2.8868,2.2681,2.1915,5.6775,1.5274,0.90255,0.47925,-0.95863,-0.27776,0.062275,0.25487,-0.74007,0.62236,-0.12678,0.61249,0.78025
2.803,2.258,-0.53431,1.7903,-1.398,5.3671,-1.311,-0.26324,2.379,-0.35997,0.41822,0.83398,-0.81789,0.2886,-0.49775,-0.44885,-0.86128,0.23817
1.6473,0.52084,2.0192,4.6096,1.0617,-5.7992,-0.80057,2.3609,3.0928,-0.41562,-0.81667,-0.4004,0.17376,-0.5034,0.8464,-0.89279,0.2822,0.35113
-1.7792,1.6842,-0.77033,-2.8498,-2.1846,-5.4682,-0.48925,-1.5053,1.9287,0.40457,-0.9062,0.12299,0.8839,0.42198,0.20164,-0.23462,0.027134,0.97171
0.3057,1.2872,2.311,-2.2702,-2.095,0.23751,-0.24182,-0.57033,2.8559,-0.70948,-0.45547,0.53776,-0.70151,0.5292,-0.47731,-0.067179,-0.71589,-0.69498
1.5641,1.5594,1.4077,-1.1741,0.42113,5.9543,-0.26534,0.41791,4.3216,-0.92211,-0.096176,-0.37479,0.087041,-0.99535,0.04127,-0.37702,0.0054329,0.92619
0.29333,2.6927,1.5727,1.2436,-1.7349,3.6219,-2.2536,0.013328,1.9966,0.55172,0.17846,-0.81471,-0.83403,0.12051,-0.5384,0.0020965,0.97654,0.21533
1.917,0.48589,-0.77648,-0.83835,-1.5077,-0.031814,0.25221,0.85603,-0.11223,0.026921,-0.27532,-0.96098,0.38835,0.88869,-0.24373,0.92112,-0.36664,0.13084
-2.4681,1.937,2.4839,-3.3192,1.1921,3.3637,1.3232,1.2052,2.9398,0.67154,0.73171,-0.11676,-0.74032,0.65595,-0.14715,-0.031078,0.18525,0.9822
-0.66096,0.6721,0.381,-0.59144,1.4072,-5.3229,2.761,-1.6515,1.4115,-0.56483,-0.35642,0.74426,0.29827,-0.92912,-0.21858,0.76941,0.098533,0.63111
1.7095,1.2175,1.2097,4.9625,-0.90177,-1.3656,0.25206,2.1033,3.5579,-0.47154,0.73964,-0.48019,-0.56598,0.16375,0.808,0.67626,0.65278,0.3414
1.6593,2.5684,2.1375,-3.0527,-0.53699,-5.1729,0.29412,-2.9481,0.92628,-0.90264,-0.30637,0.30228,-0.41288,0.4181,-0.80915,0.12151,-0.85518,-0.50389
2.4144,0.68139,0.75024,1.6204,0.49706,-0.96185,-2.4162,2.6034,1.46,0.48034,0.29921,0.82446,0.81212,0.20329,-0.54693,-0.33126,0.93228,-0.14535
0.7451,2.8459,-0.57679,-0.47238,0.95063,3.5919,-0.05213,0.31015,2.9905,0.62483,0.77986,-0.037548,-0.73394,0.57028,-0.36895,-0.26631,0.25809,0.92869
0.43409,0.52515,-0.03165,0.93931,-0.16148,-2.5606,2.3483,1.1903,-0.53612,-0.50934,0.85503,0.097477,0.80887,0.43699,0.3934,0.29377,0.27922,-0.91418
1.0871,1.3115,-0.55252,4.6577,-0.61754,-4.3756,1.4358,1.849,0.59431,0.45419,0.39705,0.79754,0.42414,-0.88361,0.19836,0.78347,0.24817,-0.56973
2.3,2.0629,2.2973,2.8551,2.2487,1.9586,0.94727,-0.82538,2.6146,-0.54047,-0.62734,0.56065,0.74031,-0.037962,0.67119,-0.39978,0.77782,0.48495
1.5653,2.8829,1.1785,0.11437,-0.75506,-4.8447,-0.068859,-2.4237,2.6123,0.9954,-0.066668,0.068845,0.054078,0.98382,0.17082,-0.079119,-0.16631,0.98289
0.65404,1.6222,0.23252,-3.8859,-0.39585,3.5775,1.7126,1.5469,3.0738,-0.6224,-0.15457,0.76728,0.61748,-0.69937,0.36,0.48097,0.69785,0.53073
-0.15051,2.7984,-0.91439,3.5395,0.073478,-2.3755,1.2464,-0.16856,2.0644,-0.20782,-0.89661,0.39103,0.17193,-0.42702,-0.88775,0.96294,-0.11726,0.24289
1.3792,2.86,-1.0117,3.1574,-0.87762,1.6734,0.17115,0.83714,2.4148,-0.99407,0.092935,0.056468,-0.062754,-0.91433,0.40007,0.088812,0.39416,0.91474
-0.42784,0.97278,0.72811,-3.6265,0.62264,-5.5125,2.8442,-1.5094,1.9539,-0.13527,0.44052,-0.8875,0.71969,0.65932,0.21757,0.68099,-0.60929,-0.40622
-2.5297,1.0829,-0.88252,-4.7702,0.93371,-4.172,-1.5962,-0.423,-0.018161,0.78057,0.23501,-0.57921,-0.19111,-0.79253,-0.57911,-0.59514,0.56273,-0.57371
2.204,1.4708,2.1464,4.3669,1.5592,0.75498,-0.39205,-0.59658,3.4954,-0.053045,-0.33326,-0.94134,0.35479,-0.88745,0.29419,-0.93344,-0.31837,0.16531
-2.844,1.7206,-0.14805,1.2495,2.0382,0.33323,-1.5154,0.16529,2.4484,0.89397,-0.040313,-0.44631,-0.40912,0.33297,-0.84956,0.18285,0.94208,0.28117
-1.1131,1.4391,-0.43111,-3.4716,-0.70261,5.1377,1.2968,-2.2959,1.4465,-0.76559,-0.62688,-0.14457,0.18151,0.0051147,-0.98338,0.6172,-0.7791,0.10987
2.534,2.7404,1.1277,-0.27846,-0.29758,6.1653,1.9764,-1.3046,2.9788,0.48565,-0.79327,-0.36723,0.78013,0.58285,-0.22734,0.39438,-0.17608,0.90192
1.8613,0.63976,2.6383,1.535,1.1713,2.8617,0.37772,1.0223,3.3655,-0.39611,0.055208,0.91654,0.14552,-0.9818,0.12203,0.9066,0.18171,0.38086
0.28052,0.52304,2.0687,-4.9408,1.7131,-3.565,2.0173,-0.1323,2.879,0.81766,0.0076422,0.57565,-0.57557,-0.010045,0.81769,0.012031,-0.99992,-0.0038145
1.5872,2.5574,2.7503,4.1246,1.3296,-1.291,-0.53678,-2.3186,0.64898,0.48203,-0.23915,0.84288,-0.35775,0.82445,0.43851,-0.79979,-0.51292,0.31185
0.36713,2.7631,-0.39304,4.9709,1.9977,-4.5433,-0.43592,0.50285,2.4383,-0.4836,-0.38383,0.78664,0.46588,0.64797,0.60257,-0.74101,0.65788,-0.13453
2.0183,2.2317,-0.75787,-4.4899,-0.68091,2.497,-1.1285,1.342,1.8802,-0.4301,-0.81021,-0.39821,-0.12557,-0.38312,0.91512,-0.894,0.4436,0.063042
-2.2862,2.4165,1.5264,4.6109,-0.6111,-5.907,1.2468,2.0537,2.969,0.9831,-0.080773,0.16429,0.18213,0.52225,-0.83311,-0.018508,0.84896,0.52814
-0.50192,2.3944,2.9563,2.2486,0.52088,1.4983,-2.2422,0.91606,0.35095,-0.1237,0.72547,0.67705,0.25054,0.68302,-0.68609,-0.96017,0.084754,-0.26625
0.58187,0.89892,1.8132,-3.1961,2.1395,-3.2833,1.6742,1.0623,2.7156,0.63882,0.55435,0.53349,0.60373,-0.79102,0.099025,0.47689,0.25882,-0.83999
1.4255,2.1399,2.6438,4.1538,0.90435,-5.7412,-0.81703,-2.3097,1.8093,-0.61602,0.78024,-0.10832,-0.23101,-0.3104,-0.92211,-0.7531,-0.54302,0.37145
-1.5096,0.61651,-0.85448,-1.685,-1.817,0.19689,-0.60436,-1.34,0.07522,-0.2153,-0.0043094,-0.97654,0.21913,-0.9747,-0.04401,-0.95165,-0.22346,0.2108
1.2285,1.3322,2.4491,3.0974,1.1172,0.57918,-0.027842,-0.16231,3.8132,-0.24389,0.89629,-0.37038,-0.95072,-0.14558,0.27375,0.19144,0.41889,0.88763
1.3539,1.3957,-1.1104,-0.62863,-1.0324,-2.4133,0.5253,0.71547,0.079709,-0.48952,-0.76546,0.41765,-0.78451,0.17751,-0.59417,0.38068,-0.61851,-0.68741
1.1705,0.61359,1.9388,-2.0879,-0.42705,0.40803,1.1414,2.0402,3.5712,-0.74508,0.60616,0.27826,-0.48073,-0.77725,0.40594,0.46234,0.16869,0.87051
0.5305,2.0686,-0.0053138,-1.4486,-0.81362,-5.5395,1.5342,0.30519,3.0093,-0.10475,0.42459,0.89931,-0.36986,-0.85605,0.36108,0.92316,-0.2948,0.24671
-0.14073,2.9352,2.9103,-4.6684,-0.88444,2.1726,-1.5029,0.76798,-0.90319,-0.4852,0.46734,0.73904,0.86512,0.3794,0.32807,-0.12707,0.79853,-0.58839
-1.528,1.5114,1.497,-2.1718,-0.6572,3.0526,-0.34769,-0.25554,4.2533,-0.62505,0.5692,-0.53415,-0.58786,-0.79346,-0.15762,-0.51355,0.21549,0.83056
0.068067,2.9361,0.85035,-0.71008,-0.62828,3.4955,-2.1192,-0.41758,2.8439,0.98539,-0.16526,0.041146,0.13503,0.90538,0.40255,-0.10378,-0.39112,0.91447
-1.7829,2.9064,1.5729,4.6677,1.7541,4.3809,1.1853,2.1866,1.252,0.03608,0.086908,0.99556,-0.38834,-0.9167,0.094098,0.92081,-0.39001,0.00067548
-0.90012,2.7547,2.6862,-1.7025,0.55611,-6.0498,-1.2025,2.1145,-0.31191,0.95366,0.16476,0.25178,0.30063,-0.48678,-0.82016,-0.012572,0.85785,-0.51375
-1.0937,1.9928,0.25136,4.5576,-1.3593,-1.1175,-0.16683,-1.1734,3.2741,0.36966,-0.81922,-0.43844,0.4256,-0.27017,0.86364,-0.82597,-0.50585,0.24879
0.2445,2.8744,-1.147,2.4513,0.77471,-4.6373,1.2303,-0.019507,1.2644,-0.054235,0.8141,-0.57819,0.48225,0.52839,0.69874,0.87435,-0.24094,-0.42126
-0.35539,2.0429,-1.2021,1.1752,-2.0114,5.2042,0.83155,0.32447,1.0246,0.94126,0.21121,0.26347,0.25139,0.082617,-0.96435,-0.22545,0.97394,0.024667
1.4531,2.2285,0.69114,2.4144,1.4924,3.0017,0.4941,0.16495,3.3282,-0.12513,0.2678,0.95532,0.65465,-0.70124,0.28232,0.74551,0.66072,-0.087562
0.46724,1.1062,1.8518,-0.39687,1.9306,-3.0035,0.1861,0.38204,3.3924,-0.2025,0.19101,0.96047,-0.048704,0.97761,-0.20469,-0.97807,-0.088228,-0.18866
-0.19157,1.8924,-0.23822,-0.68729,1.8542,-3.2808,1.3032,0.18849,2.8357,0.9185,-0.10845,0.38027,0.32973,0.74088,-0.58513,-0.21828,0.66283,0.71625
1.4835,1.54,2.7188,5.0415,0.70758,-4.2894,-0.58492,-1.6663,2.68,0.53763,-0.62301,-0.56816,0.49808,-0.30904,0.81019,-0.68035,-0.71857,0.14416
0.093817,1.193,-1.1583,-3.1806,-1.0097,5.1492,1.6523,0.17902,0.027885,-0.090643,-0.92677,-0.36453,-0.50707,0.35799,-0.78404,0.85713,0.11377,-0.50239
1.7117,1.6264,-0.38922,0.79078,1.588,-3.6202,0.22368,2.0228,2.2019,0.22823,0.77456,-0.58988,-0.70288,0.55033,0.45067,0.6737,0.31176,0.67002
1.7386,2.2038,1.8785,0.8221,-1.2049,3.2908,-0.18214,-1.8371,3.104,-0.49294,0.75202,-0.43757,-0.53162,-0.65846,-0.53274,-0.68876,-0.029989,0.72437
1.6211,1.8279,2.1116,-5.0106,1.8717,-5.5513,0.71239,-1.2394,2.6966,-0.064647,0.99788,0.0075692,0.40741,0.019469,0.91304,0.91095,0.062109,-0.40781
1.8208,2.1999,-0.33693,-4.917,-0.45416,-1.7551,-0.70769,1.5371,2.5886,-0.26448,-0.42321,0.86657,0.72545,0.50475,0.46792,-0.63543,0.75241,0.17352
2.2042,1.805,2.8441,0.033861,-1.1929,-5.6174,1.0468,-1.4632,2.6022,0.94734,-0.23053,-0.22225,0.27866,0.93544,0.21751,0.15776,-0.26799,0.95042
2.1955,1.4219,0.51058,-5.1497,-1.3959,-4.3206,-1.7716,1.3725,2.5627,0.29531,0.15676,-0.94245,0.30593,-0.95002,-0.062156,-0.90509,-0.26997,-0.32851
-1.0335,1.1559,-0.55481,0.61853,-1.0427,-2.8086,1.1717,-1.2708,0.17259,0.14594,0.81485,0.561,0.94912,-0.27528,0.15295,0.27906,0.51013,-0.81357
2.6657,2.6952,1.8401,-2.0925,1.8757,1.8456,1.6575,-1.5159,1.7113,0.098635,-0.66992,-0.73585,0.69117,-0.48587,0.53499,-0.71593,-0.56136,0.41511
2.8338,2.0079,1.3962,1.9768,0.90469,2.8197,0.85047,0.26863,3.9074,-0.070956,-0.67363,0.73565,0.99377,-0.11127,-0.0060396,0.085927,0.73064,0.67733
0.031238,2.3919,-0.29974,2.8544,1.8081,5.2502,0.8554,-0.16913,1.9607,-0.58545,-0.80825,0.063062,-0.76479,0.52482,-0.37371,0.26896,-0.26702,-0.9254
-1.2044,2.3058,0.2911,3.7082,-0.54377,-6.0882,-0.12503,-0.22538,3.8766,0.85278,-0.50808,0.12095,0.46685,0.84537,0.25962,-0.23416,-0.16493,0.95811
-1.5763,0.98803,2.6711,3.1718,-1.7195,-1.3322,-0.018515,0.49612,2.6944,-0.97161,0.12588,0.20033,0.23521,0.60536,0.76041,-0.025552,0.78594,-0.61778
-2.8112,1.2655,1.5856,0.61902,-0.087812,-1.4303,-1.1432,-0.43036,4.248,0.85567,-0.4735,0.20889,0.40819,0.86559,0.29005,-0.31815,-0.16292,0.93394
2.4506,2.2333,3.0733,-3.275,-1.6597,-2.4379,0.88748,-0.85621,0.18559,-0.078684,0.90894,0.40943,0.8199,0.29263,-0.49207,-0.56708,0.29698,-0.76827
-1.9702,2.5796,1.3703,-4.7448,-0.51098,2.2267,1.2898,2.1622,2.8541,0.16496,-0.91049,0.37922,0.70348,-0.16087,-0.69227,0.69131,0.38097,0.61397
2.6513,1.5275,2.0234,-4.6638,-0.3353,-2.0547,0.52475,-0.54505,4.0517,0.49272,-0.71163,-0.50081,0.84926,0.51872,0.098458,0.18971,-0.47382,0.85994
0.40949,2.3669,2.8276,-3.023,2.2588,3.2063,-1.6457,-0.64345,1.4524,-0.90171,-0.37968,0.20678,0.40421,-0.91007,0.091609,0.1534,0.16619,0.97409
2.949,1.2723,3.132,-3.3683,-1.806,0.57788,0.88123,-0.3302,1.6033,0.67164,-0.71798,0.18274,-0.74054,-0.65801,0.13649,0.022246,-0.227,-0.97364
2.5647,0.78808,0.95844,0.62097,-2.0547,5.5613,-2.3114,1.0672,1.6009,-0.93752,-0.27351,0.21504,-0.34792,0.74133,-0.57392,-0.0024442,-0.61288,-0.79018
1.1548,0.65347,0.64221,4.0441,2.1119,3.588,0.55985,2.4509,1.054,0.14306,0.56409,-0.81322,0.4644,-0.76386,-0.44816,-0.874,-0.31355,-0.37124
1.5739,0.50193,2.2266,4.7781,-1.3121,1.3586,0.67975,2.0146,3.0832,0.012963,-0.81492,0.57942,0.26509,-0.55594,-0.78782,0.96414,0.16381,0.20882
-1.5243,1.8099,2.4955,2.5565,-2.102,2.2189,0.27343,1.4105,1.8583,0.53015,-0.72935,0.43242,-0.69615,-0.66556,-0.26908,0.48406,-0.15838,-0.86059
-2.9418,1.539,3.1166,-1.8705,-0.12192,1.5517,1.8917,0.46743,1.9646,0.11727,-0.29589,-0.948,-0.28877,0.90318,-0.31762,0.95019,0.311,0.020468
0.48839,2.5635,0.018281,2.4303,-1.1299,-2.638,-0.48617,0.21712,3.4509,-0.76205,-0.54251,-0.35351,0.26792,-0.76119,0.5906,-0.58949,0.35535,0.72541
-0.090793,2.535,-0.71369,3.7154,-1.4325,-6.17,0.67233,-0.44515,2.6956,0.97808,0.08084,0.19192,-0.16941,0.84484,0.50748,-0.12112,-0.52887,0.84002
-1.2973,1.8806,2.156,-4.9153,-2.0589,0.4868,0.29566,1.2238,2.7293,0.22713,0.34435,0.91096,-0.15259,-0.91127,0.38251,0.96184,-0.22588,-0.15443
-1.0866,1.3538,1.9579,-2.877,0.50612,4.7621,0.2434,-0.26915,4.235,-0.70221,-0.71144,0.027577,0.66361,-0.66805,-0.33664,0.25792,-0.21809,0.94123
0.59087,2.5525,0.85988,1.8971,-0.96374,-4.0319,-1.6801,-0.46081,3.3129,0.28371,0.8997,-0.33174,-0.57041,-0.11975,-0.81258,-0.7708,0.41977,0.47923
-1.3156,2.9292,-0.80966,-2.7182,-2.0496,3.8114,-0.31572,0.18279,2.3712,-0.47702,0.17401,-0.8615,-0.67849,-0.69597,0.23511,-0.55866,0.69667,0.45005
0.91006,0.86373,0.48724,-0.35809,-1.6525,4.6927,1.7598,1.8592,0.9659,-0.79819,0.49983,-0.33624,0.59371,0.74723,-0.2986,0.102,-0.43797,-0.89318
-0.37742,0.58518,-1.1151,1.7054,0.44689,6.2457,0.25491,-0.42865,-0.52068,-0.19529,-0.88861,0.41501,-0.75325,0.40689,0.51677,-0.62807,-0.21169,-0.74881
-2.3546,1.9605,0.5104,1.4149,-0.1888,6.2524,-0.69544,-0.8844,3.8702,-0.66471,0.70018,0.26059,-0.67706,-0.41712,-0.6063,-0.31583,-0.57945,0.75133
2.1179,0.82222,1.2158,3.2637,1.2678,3.1346,-1.6395,2.5325,2.1078,-0.3486,0.62874,0.6951,0.8167,0.56764,-0.10387,-0.45987,0.53148,-0.71137
-2.6716,0.93366,0.64799,-1.24,1.0935,6.0777,-2.4008,-1.8894,2.2348,0.9974,-0.04479,-0.056375,0.067016,0.29121,0.95431,-0.026327,-0.95561,0.29346
-2.1663,1.8612,0.50648,3.2665,1.2792,5.8732,-0.79904,-1.3305,2.9591,-0.080718,0.52735,-0.8458,0.91503,-0.29727,-0.27267,-0.39522,-0.79595,-0.45855
-2.7501,1.7738,1.5259,3.1031,-1.633,2.8409,1.0086,0.38671,3.4195,-0.091348,-0.35537,-0.93025,-0.39066,0.87206,-0.29478,0.91599,0.33648,-0.21849
0.05938,0.75783,1.0473,-3.6865,0.70873,-5.7093,3.3776,-0.039547,1.9644,-0.34707,0.11343,-0.93095,0.30701,0.9517,0.0015046,0.88616,-0.28529,-0.36514
-2.2076,2.9786,2.1704,4.3622,2.0502,5.7553,1.7228,1.3327,0.46806,-0.76833,-0.11877,0.62894,-0.40203,-0.67505,-0.61861,0.49804,-0.72815,0.47091
-1.7311,0.75431,1.6987,0.45769,0.50391,-5.7444,-0.51185,-2.2148,3.6899,-0.68503,0.72765,-0.035618,-0.68571,-0.66051,-0.30583,-0.24606,-0.18508,0.95142
-2.1044,0.67179,-1.1759,-1.7469,0.33073,6.0829,0.008874,-0.43195,-0.48369,0.83704,-0.30874,0.45171,-0.1236,-0.91094,-0.3936,0.533,0.27363,-0.80065
-1.1118,1.4701,0.4125,-1.3947,2.1257,1.6739,1.2042,-1.0935,2.7183,-0.20587,0.1438,0.96796,0.83652,-0.48742,0.25032,0.5078,0.86124,-0.019945
1.7752,2.6566,3.1125,-0.2137,0.55265,-1.2057,0.20697,-1.3882,-0.81476,-0.99313,-0.023828,0.11458,-0.0231,0.9997,0.0076776,-0.11473,0.004978,-0.99338
-0.96372,1.2166,2.7407,-5.1823,-1.1142,-3.6274,0.14626,0.78705,3.3517,0.67336,-0.73074,-0.11226,0.38189,0.4738,-0.79352,0.63304,0.49146,0.5981
-2.8586,1.7776,1.4099,-1.4721,-0.30681,5.8978,0.15689,0.26819,4.2926,-0.0072961,-0.95617,0.29273,0.99749,0.013675,0.069531,-0.070486,0.2925,0.95366
-1.8029,0.61733,0.29847,2.6488,2.2116,-5.5784,-0.74667,-1.987,0.57019,0.86328,0.23428,0.44707,0.47834,-0.097071,-0.87279,-0.16108,0.96731,-0.19587
-0.25287,1.001,1.0181,3.8617,1.8833,1.7362,2.4182,-0.16396,2.1752,0.073517,0.78131,0.6198,0.97922,-0.17433,0.1036,0.18899,0.59931,-0.77789
-0.32771,1.1691,0.28453,-2.5923,1.6956,-4.6595,2.2651,-0.38095,1.3833,0.38165,0.77344,0.5061,0.92326,-0.29296,-0.24853,-0.043957,0.56212,-0.82589
-0.69677,3.036,2.8161,-1.5603,-1.7923,4.9101,-1.5019,0.35222,-0.47054,-0.766,0.59806,0.23572,-0.31078,-0.023538,-0.95019,-0.56272,-0.80111,0.20389
-0.79419,2.6766,2.6186,-1.8668,-0.80243,-0.55241,-2.0128,1.3507,-0.086166,-0.32393,0.91864,0.22622,0.47823,0.36531,-0.79866,-0.81631,-0.15052,-0.55765
0.49295,0.9011,1.1268,-4.6494,2.0333,5.8894,2.2283,0.476,2.4899,-0.99544,-0.095381,0.0020826,-0.025611,0.24613,-0.9689,0.091901,-0.96453,-0.24745
2.5473,1.8655,2.6875,0.93021,-2.0251,2.5588,0.77948,-1.1451,2.3877,-0.29426,0.95044,0.10033,-0.46849,-0.051948,-0.88194,-0.83302,-0.30653,0.46056
2.9518,2.8492,3.0273,3.536,2.1173,1.3397,1.646,-0.55389,0.16858,-0.6734,-0.73919,-0.011706,0.58838,-0.5263,-0.61385,0.44759,-0.42026,0.78933
-0.11763,1.6664,-0.21402,4.0053,-0.22927,-4.4649,2.4712,-0.41577,2.087,0.10242,0.43946,0.8924,-0.27008,-0.85113,0.45014,0.95737,-0.28713,0.031517
-1.6408,1.7677,-0.41395,-5.1681,1.0321,-5.2119,-0.69231,-2.0385,2.0715,-0.5672,0.58906,-0.57558,0.1511,-0.61259,-0.77582,-0.8096,-0.52702,0.25846
2.6248,2.0056,0.15808,2.7112,0.43449,-4.466,-1.3961,0.93712,3.1313,-0.654,-0.74824,-0.11144,0.071611,-0.20788,0.97553,-0.7531,0.63002,0.18954
0.025288,0.95691,-1.1669,-4.5667,-1.0257,-0.75882,0.91491,0.62498,-0.1519,0.49484,-0.45974,-0.73741,-0.86895,-0.26968,-0.41497,-0.0080865,0.84611,-0.53294
1.7018,1.4966,2.201,-3.7303,-0.18023,-6.0114,0.067559,-1.055,3.8418,0.20833,0.73845,0.64132,-0.97795,0.16689,0.12551,-0.014353,-0.65333,0.75693
2.9633,1.7844,0.30373,-1.1594,-1.9566,5.6854,-1.1049,0.81276,2.631,-0.95602,0.23334,-0.17768,-0.025403,0.53766,0.84278,0.29219,0.81023,-0.50809
-0.0049385,0.79232,1.3329,4.815,-1.3117,2.7781,2.656,-0.69689,2.7359,-0.94273,-0.27002,-0.19583,0.20225,0.0041535,-0.97933,0.26525,-0.96285,0.050695
-2.7691,2.9345,2.0274,1.3236,1.3434,-0.84057,2.1212,1.5501,0.25211,-0.74792,-0.33142,-0.57513,-0.63445,0.10218,0.76618,-0.19516,0.93793,-0.28669
-2.5247,0.5183,-0.52911,-4.4814,0.33679,1.2452,-1.3996,-0.71213,-0.85101,0.7632,0.63559,0.11642,0.63566,-0.70614,-0.31193,-0.11605,0.31206,-0.94295
0.83796,2.9475,-0.10545,-0.83555,-1.0449,4.2335,0.23367,-0.42224,2.8268,0.12625,0.7737,-0.62085,-0.29635,0.62669,0.72072,0.9467,0.092998,0.3084
1.713,2.7815,2.5121,-3.396,1.343,3.8309,0.5412,-2.5505,0.66169,0.62933,-0.36229,-0.68753,0.69744,0.65356,0.294,0.34282,-0.66453,0.66398
1.5788,2.8593,-0.48313,3.7208,-0.74771,2.0561,0.2637,0.12146,3.0798,-0.54677,-0.77972,0.30508,0.75041,-0.61797,-0.23452,0.37139,0.1007,0.923
2.1509,2.8419,2.4468,-2.5248,-2.162,-1.5115,1.1267,-1.0962,-0.065478,0.88407,0.17138,0.4348,0.4639,-0.20887,-0.86091,-0.056726,0.96281,-0.26415
-2.1313,3.0424,2.0338,-4.1374,-2.2441,-4.5809,1.378,1.3179,0.028547,0.51335,-0.067174,0.85555,-0.84208,-0.23161,0.48708,0.16543,-0.97049,-0.17546
0.31902,2.055,0.68562,-4.037,-1.6039,-3.8897,-0.41783,0.44618,3.6088,0.078481,0.45384,-0.88762,-0.59053,-0.69619,-0.40817,-0.80319,0.5562,0.21336
-0.28434,2.1085,0.70337,-3.0593,1.0442,-1.5177,0.67293,-0.14403,3.5906,-0.19414,-0.97782,-0.078624,0.2084,0.037207,-0.97733,0.95858,-0.20613,0.19656
-1.2486,2.0185,2.6978,-4.0334,-1.4042,-3.1163,-0.097259,2.0149,1.2868,0.41965,-0.89973,-0.11993,-0.60549,-0.17905,-0.77545,0.67622,0.39803,-0.61991
2.712,0.94908,1.4395,-5.2178,1.7813,-3.2366,-1.2569,1.2452,3.241,-0.49857,0.47913,0.7224,0.33295,-0.66359,0.66992,0.80036,0.57453,0.17132
2.1725,2.6412,1.1293,-0.98361,-2.0886,4.1199,1.2265,-0.87755,2.481,-0.97616,0.20323,-0.076274,-0.050211,0.13045,0.99018,0.21118,0.9704,-0.11714
-1.2045,1.0859,-1.0109,-2.9487,-0.74511,-1.6811,0.53926,-1.6636,-0.14634,-0.96694,-0.24628,0.066081,-0.21565,0.65152,-0.72734,0.13608,-0.71755,-0.68309
-1.4348,1.6598,1.2789,-2.8869,-0.82064,1.3603,-0.13859,0.045924,4.2314,0.96296,0.20799,0.17161,-0.078302,0.82469,-0.56014,-0.25803,0.52595,0.81043
-0.52345,2.2363,2.1342,1.0127,-1.7691,0.22599,-1.2477,1.403,2.4333,-0.67282,0.43935,0.59522,0.13583,-0.71752,0.68316,0.72723,0.54049,0.42308
-0.58053,0.78576,0.87631,3.6909,-1.7771,2.4914,1.9691,-1.7262,2.6076,-0.33239,0.93725,0.10526,-0.79045,-0.21595,-0.57319,-0.51449,-0.27373,0.81263
-1.6208,1.6716,2.7083,3.176,1.1637,-2.3214,0.094029,1.4297,3.093,-0.70565,0.70805,-0.026902,-0.70768,-0.70237,0.076551,0.035307,0.073056,0.9967
1.8159,1.4746,1.5412,-5.0587,1.1942,5.5125,0.54167,0.39796,3.9467,0.21102,-0.79523,-0.5684,0.34815,0.60451,-0.71649,0.91338,-0.046695,0.40442
2.055,1.1847,0.8858,5.2349,-0.39852,5.9901,-1.0661,2.5409,3.0976,-0.91372,-0.215,0.3448,0.38756,-0.20612,0.89851,-0.12211,0.95461,0.27166
2.041,1.0533,-1.0641,4.7939,0.34215,4.8865,-0.73218,0.91578,-0.37229,0.2219,-0.97265,0.068633,-0.92586,-0.1881,0.32772,-0.30585,-0.13627,-0.94228
-1.837,2.6838,-0.026802,-0.96275,0.97382,4.1254,0.56418,0.23407,3.3583,-0.044294,-0.99901,0.0040689,0.7167,-0.034614,-0.69652,0.69597,-0.027936,0.71752
-2.1043,0.61845,0.92199,-3.7834,-0.84492,5.4209,-1.478,-3.1287,2.0852,-0.99541,0.019104,0.093726,-0.087406,-0.57968,-0.81014,0.038854,-0.81462,0.57869
0.47754,0.58818,0.13673,1.1426,0.7723,-2.3097,2.9451,1.0158,0.18604,0.24792,0.96801,-0.038644,0.34259,-0.05029,0.93814,0.90618,-0.24582,-0.3441
-0.76967,0.99949,0.61747,-1.7474,0.86671,0.99423,2.5674,-1.7448,2.0561,0.020869,0.66861,0.74332,0.1323,-0.73879,0.66082,0.99099,0.084552,-0.10388
0.47969,2.092,2.7241,-2.8369,-2.2611,5.8016,-1.1448,-0.78098,1.0529,-0.28419,-0.8368,-0.46797,-0.61422,0.53368,-0.58131,0.73619,0.12223,-0.66565
-2.6018,0.76334,1.7538,2.8252,1.6869,2.3165,-2.2662,-1.1016,2.6145,-0.2028,-0.90687,0.3694,-0.62034,0.41087,0.66811,-0.75766,-0.09366,-0.64589
-2.8717,1.1649,1.4424,5.1284,-0.27294,-0.042056,-1.8585,-0.33219,3.9782,0.39759,-0.82076,0.41021,0.66826,0.56537,0.4835,-0.62876,0.081893,0.77327
2.6158,1.6654,2.3012,-0.025611,-0.15403,4.1327,1.3407,-0.77477,3.545,-0.79638,-0.4888,0.35617,0.27289,-0.81596,-0.50964,0.53974,-0.30867,0.7832
-0.84449,2.3979,2.7116,2.3293,-0.30284,-4.4775,-1.6002,2.0332,0.44912,0.52115,0.66344,0.53689,0.76908,-0.092324,-0.63245,-0.37002,0.74251,-0.55835
-2.4347,1.9913,0.25157,-1.5697,2.06,3.5091,-0.092071,-0.90412,2.889,-0.37495,-0.89752,0.23211,-0.36221,-0.088637,-0.92787,0.85335,-0.43198,-0.29186
1.1818,1.5236,3.0304,2.8945,0.38669,5.0898,-0.63451,-1.721,2.473,0.96953,-0.2314,0.080373,0.050829,0.511,0.85808,-0.23963,-0.82785,0.50719
1.3877,3.0044,-0.73017,-3.6118,0.78296,4.3442,0.37106,0.75594,2.1227,0.66287,-0.35345,0.66006,0.56899,-0.33522,-0.75092,0.48667,0.87333,-0.021098
-0.68961,1.6065,1.0317,-4.785,0.66582,-0.091729,0.57697,-1.0437,4.0559,-0.82175,-0.32608,-0.46733,0.55492,-0.64439,-0.52615,-0.12957,-0.69169,0.71047
0.35472,2.6516,2.4538,-4.9956,0.86231,-2.1003,-2.2332,-1.3801,0.27103,-0.26096,0.49707,-0.82754,0.93651,-0.077606,-0.34193,-0.23419,-0.86424,-0.44526
2.9374,2.5996,3.1256,-4.4126,0.75131,2.7105,1.9025,0.079714,-0.38153,0.3367,-0.8435,-0.4185,-0.65283,0.11117,-0.7493,0.67856,0.5255,-0.51323
-2.1966,1.0179,-1.1768,-2.6878,-1.3184,3.3266,-1.1354,-1.0558,-0.0080884,-0.39043,-0.0742,0.91764,-0.41013,0.90639,-0.10121,-0.82423,-0.41587,-0.38432
